00	0.002	1.00	0.00
00	0.003	1.00	0.00
00	0.004	1.00	0.00
00	0.005	1.00	0.00
00	0.006	0.00	0.17
00	0.007	0.00	0.39
00	0.008	0.00	0.60
00	0.009	0.00	0.64
00	0.010	0.00	0.72
01	0.002	1.00	0.00
01	0.003	1.00	0.00
01	0.004	1.00	0.00
01	0.005	1.00	0.00
01	0.006	0.52	0.08
01	0.007	0.42	1.69
01	0.008	0.21	2.12
01	0.009	0.00	2.36
01	0.010	0.00	2.55
02	0.002	1.00	0.00
02	0.003	1.00	0.00
02	0.004	1.00	0.00
02	0.005	1.00	0.00
02	0.006	0.00	0.03
02	0.007	0.00	1.11
02	0.008	0.00	1.33
02	0.009	0.00	1.36
02	0.010	0.00	1.55
03	0.002	1.00	0.00
03	0.003	1.00	0.00
03	0.004	1.00	0.00
03	0.005	1.00	0.00
03	0.006	0.00	0.05
03	0.007	0.00	0.11
03	0.008	0.00	0.33
03	0.009	0.00	0.36
03	0.010	0.00	0.55
04	0.002	1.00	0.00
04	0.003	1.00	0.00
04	0.004	1.00	0.00
04	0.005	0.43	0.00
04	0.006	0.26	13.49
04	0.007	0.03	20.35
04	0.008	0.00	20.47
04	0.009	0.00	20.58
04	0.010	0.00	24.00
05	0.002	1.00	0.00
05	0.003	1.00	0.00
05	0.004	1.00	0.00
05	0.005	0.07	7.00
05	0.006	0.00	12.75
05	0.007	0.00	19.38
05	0.008	0.00	19.47
05	0.009	0.00	19.58
05	0.010	0.00	24.00
06	0.002	1.00	0.00
06	0.003	1.00	0.00
06	0.004	1.00	0.00
06	0.005	0.00	6.07
06	0.006	0.00	11.75
06	0.007	0.00	18.38
06	0.008	0.00	18.47
06	0.009	0.00	18.58
06	0.010	0.00	24.00
07	0.002	1.00	0.00
07	0.003	1.00	0.00
07	0.004	1.00	0.00
07	0.005	0.00	5.07
07	0.006	0.00	10.75
07	0.007	0.00	17.38
07	0.008	0.00	17.47
07	0.009	0.00	17.58
07	0.010	0.00	24.00
08	0.002	1.00	0.00
08	0.003	1.00	0.00
08	0.004	1.00	0.00
08	0.005	0.00	4.07
08	0.006	0.00	9.75
08	0.007	0.00	16.38
08	0.008	0.00	16.47
08	0.009	0.00	16.58
08	0.010	0.00	24.00
09	0.002	1.00	0.00
09	0.003	1.00	0.00
09	0.004	1.00	0.00
09	0.005	0.00	3.07
09	0.006	0.00	8.75
09	0.007	0.00	15.38
09	0.008	0.00	15.47
09	0.009	0.00	15.58
09	0.010	0.00	24.00
10	0.002	1.00	0.00
10	0.003	1.00	0.00
10	0.004	1.00	0.00
10	0.005	0.00	2.07
10	0.006	0.00	7.75
10	0.007	0.00	14.38
10	0.008	0.00	14.47
10	0.009	0.00	14.58
10	0.010	0.00	24.00
11	0.002	1.00	0.00
11	0.003	1.00	0.00
11	0.004	1.00	0.00
11	0.005	0.00	1.07
11	0.006	0.00	6.75
11	0.007	0.00	13.38
11	0.008	0.00	13.47
11	0.009	0.00	13.58
11	0.010	0.00	24.00
12	0.002	1.00	0.00
12	0.003	1.00	0.00
12	0.004	1.00	0.00
12	0.005	0.00	0.07
12	0.006	0.00	5.75
12	0.007	0.00	12.38
12	0.008	0.00	12.47
12	0.009	0.00	12.58
12	0.010	0.00	24.00
13	0.002	1.00	0.00
13	0.003	1.00	0.00
13	0.004	1.00	0.00
13	0.005	0.76	0.00
13	0.006	0.00	4.75
13	0.007	0.00	11.38
13	0.008	0.00	11.47
13	0.009	0.00	11.58
13	0.010	0.00	24.00
14	0.002	1.00	0.00
14	0.003	1.00	0.00
14	0.004	1.00	0.00
14	0.005	0.00	0.01
14	0.006	0.00	3.75
14	0.007	0.00	10.38
14	0.008	0.00	10.47
14	0.009	0.00	10.58
14	0.010	0.00	24.00
15	0.002	1.00	0.00
15	0.003	1.00	0.00
15	0.004	1.00	0.00
15	0.005	0.77	0.00
15	0.006	0.00	2.75
15	0.007	0.00	9.38
15	0.008	0.00	9.47
15	0.009	0.00	9.58
15	0.010	0.00	24.00
16	0.002	1.00	0.00
16	0.003	1.00	0.00
16	0.004	1.00	0.00
16	0.005	1.71	0.00
16	0.006	0.00	1.75
16	0.007	0.00	8.38
16	0.008	0.00	8.47
16	0.009	0.00	8.58
16	0.010	0.00	24.00
17	0.002	1.00	0.00
17	0.003	1.00	0.00
17	0.004	1.00	0.00
17	0.005	0.00	0.71
17	0.006	0.00	0.75
17	0.007	0.00	7.38
17	0.008	0.00	7.47
17	0.009	0.00	7.58
17	0.010	0.00	24.00
18	0.002	1.00	0.00
18	0.003	1.00	0.00
18	0.004	1.00	0.00
18	0.005	1.00	0.00
18	0.006	1.00	0.00
18	0.007	0.00	6.38
18	0.008	0.00	6.47
18	0.009	0.00	6.58
18	0.010	0.00	24.00
19	0.002	1.00	0.00
19	0.003	1.00	0.00
19	0.004	1.00	0.00
19	0.005	1.00	0.00
19	0.006	1.00	0.00
19	0.007	0.00	5.38
19	0.008	0.00	5.47
19	0.009	0.00	5.58
19	0.010	0.00	24.00
20	0.002	1.00	0.00
20	0.003	1.00	0.00
20	0.004	1.00	0.00
20	0.005	1.00	0.00
20	0.006	1.00	0.00
20	0.007	0.00	4.38
20	0.008	0.00	4.47
20	0.009	0.00	4.58
20	0.010	0.00	24.00
21	0.002	1.00	0.00
21	0.003	1.00	0.00
21	0.004	1.00	0.00
21	0.005	1.00	0.00
21	0.006	1.00	0.00
21	0.007	0.00	3.38
21	0.008	0.00	3.47
21	0.009	0.00	3.58
21	0.010	0.00	24.00
22	0.002	1.00	0.00
22	0.003	1.00	0.00
22	0.004	1.00	0.00
22	0.005	1.00	0.00
22	0.006	1.00	0.00
22	0.007	0.00	2.38
22	0.008	0.00	2.47
22	0.009	0.00	2.58
22	0.010	0.00	24.00
23	0.002	1.00	0.00
23	0.003	1.00	0.00
23	0.004	1.00	0.00
23	0.005	1.00	0.00
23	0.006	0.81	0.23
23	0.007	0.00	1.38
23	0.008	0.00	1.47
23	0.009	0.00	1.58
23	0.010	0.00	24.00
