00	0.002	1.00	0.00
00	0.003	1.00	0.00
00	0.004	1.00	0.00
00	0.005	1.00	0.00
00	0.006	0.00	0.03
00	0.007	0.00	0.27
00	0.008	0.00	24.00
00	0.009	0.00	24.00
00	0.010	0.00	24.00
01	0.002	1.00	0.00
01	0.003	1.00	0.00
01	0.004	1.00	0.00
01	0.005	1.00	0.00
01	0.006	1.00	0.00
01	0.007	0.59	0.04
01	0.008	0.00	24.00
01	0.009	0.00	24.00
01	0.010	0.00	24.00
02	0.002	1.00	0.00
02	0.003	1.00	0.00
02	0.004	1.00	0.00
02	0.005	1.00	0.00
02	0.006	0.24	0.02
02	0.007	0.00	0.09
02	0.008	0.00	24.00
02	0.009	0.00	24.00
02	0.010	0.00	24.00
03	0.002	1.00	0.00
03	0.003	0.63	0.00
03	0.004	0.63	0.00
03	0.005	0.63	0.00
03	0.006	0.00	0.35
03	0.007	0.00	10.04
03	0.008	0.00	24.00
03	0.009	0.00	24.00
03	0.010	0.00	24.00
04	0.002	1.00	0.00
04	0.003	1.00	0.00
04	0.004	1.00	0.00
04	0.005	1.00	0.00
04	0.006	0.08	7.94
04	0.007	0.00	9.04
04	0.008	0.00	24.00
04	0.009	0.00	24.00
04	0.010	0.00	24.00
05	0.002	1.00	0.00
05	0.003	1.00	0.00
05	0.004	1.00	0.00
05	0.005	0.23	4.55
05	0.006	0.00	7.02
05	0.007	0.00	8.04
05	0.008	0.00	24.00
05	0.009	0.00	24.00
05	0.010	0.00	24.00
06	0.002	1.00	0.00
06	0.003	1.00	0.00
06	0.004	1.00	0.00
06	0.005	0.00	3.78
06	0.006	0.00	6.02
06	0.007	0.00	7.04
06	0.008	0.00	24.00
06	0.009	0.00	24.00
06	0.010	0.00	24.00
07	0.002	1.00	0.00
07	0.003	1.00	0.00
07	0.004	1.00	0.00
07	0.005	0.00	2.78
07	0.006	0.00	5.02
07	0.007	0.00	6.04
07	0.008	0.00	24.00
07	0.009	0.00	24.00
07	0.010	0.00	24.00
08	0.002	1.00	0.00
08	0.003	1.00	0.00
08	0.004	1.00	0.00
08	0.005	0.00	1.78
08	0.006	0.00	4.02
08	0.007	0.00	5.04
08	0.008	0.00	24.00
08	0.009	0.00	24.00
08	0.010	0.00	24.00
09	0.002	1.00	0.00
09	0.003	1.00	0.00
09	0.004	1.00	0.00
09	0.005	0.00	0.78
09	0.006	0.00	3.02
09	0.007	0.00	4.04
09	0.008	0.00	24.00
09	0.009	0.00	24.00
09	0.010	0.00	24.00
10	0.002	1.00	0.00
10	0.003	1.00	0.00
10	0.004	1.00	0.00
10	0.005	0.68	0.00
10	0.006	0.00	2.02
10	0.007	0.00	3.04
10	0.008	0.00	24.00
10	0.009	0.00	24.00
10	0.010	0.00	24.00
11	0.002	1.00	0.00
11	0.003	1.00	0.00
11	0.004	1.00	0.00
11	0.005	1.00	0.00
11	0.006	0.00	1.02
11	0.007	0.00	2.04
11	0.008	0.00	24.00
11	0.009	0.00	24.00
11	0.010	0.00	24.00
12	0.002	1.00	0.00
12	0.003	1.00	0.00
12	0.004	1.00	0.00
12	0.005	1.00	0.00
12	0.006	0.00	0.02
12	0.007	0.00	1.04
12	0.008	0.00	24.00
12	0.009	0.00	24.00
12	0.010	0.00	24.00
13	0.002	1.00	0.00
13	0.003	1.00	0.00
13	0.004	1.00	0.00
13	0.005	1.00	0.00
13	0.006	1.00	0.00
13	0.007	0.00	0.04
13	0.008	0.00	24.00
13	0.009	0.00	24.00
13	0.010	0.00	24.00
14	0.002	1.00	0.00
14	0.003	1.00	0.00
14	0.004	1.00	0.00
14	0.005	1.00	0.00
14	0.006	0.17	0.00
14	0.007	0.00	4.08
14	0.008	0.00	24.00
14	0.009	0.00	24.00
14	0.010	0.00	24.00
15	0.002	1.00	0.00
15	0.003	1.00	0.00
15	0.004	1.00	0.00
15	0.005	1.00	0.00
15	0.006	0.00	0.04
15	0.007	0.00	3.08
15	0.008	0.00	24.00
15	0.009	0.00	24.00
15	0.010	0.00	24.00
16	0.002	1.00	0.00
16	0.003	1.00	0.00
16	0.004	1.00	0.00
16	0.005	1.00	0.00
16	0.006	0.59	0.00
16	0.007	0.00	2.08
16	0.008	0.00	24.00
16	0.009	0.00	24.00
16	0.010	0.00	24.00
17	0.002	1.00	0.00
17	0.003	1.00	0.00
17	0.004	1.00	0.00
17	0.005	1.00	0.00
17	0.006	1.00	0.00
17	0.007	0.00	1.08
17	0.008	0.00	24.00
17	0.009	0.00	24.00
17	0.010	0.00	24.00
18	0.002	1.00	0.00
18	0.003	1.00	0.00
18	0.004	1.00	0.00
18	0.005	1.00	0.00
18	0.006	0.73	0.00
18	0.007	0.00	0.08
18	0.008	0.00	24.00
18	0.009	0.00	24.00
18	0.010	0.00	24.00
19	0.002	1.00	0.00
19	0.003	1.00	0.00
19	0.004	1.00	0.00
19	0.005	1.00	0.00
19	0.006	1.00	0.00
19	0.007	0.00	5.12
19	0.008	0.00	24.00
19	0.009	0.00	24.00
19	0.010	0.00	24.00
20	0.002	1.00	0.00
20	0.003	1.00	0.00
20	0.004	1.00	0.00
20	0.005	1.00	0.00
20	0.006	0.30	1.65
20	0.007	0.00	4.12
20	0.008	0.00	24.00
20	0.009	0.00	24.00
20	0.010	0.00	24.00
21	0.002	1.00	0.00
21	0.003	1.00	0.00
21	0.004	1.00	0.00
21	0.005	1.00	0.00
21	0.006	0.00	0.95
21	0.007	0.00	3.12
21	0.008	0.00	24.00
21	0.009	0.00	24.00
21	0.010	0.00	24.00
22	0.002	1.00	0.00
22	0.003	1.00	0.00
22	0.004	1.00	0.00
22	0.005	1.00	0.00
22	0.006	0.09	0.00
22	0.007	0.00	2.12
22	0.008	0.00	24.00
22	0.009	0.00	24.00
22	0.010	0.00	24.00
23	0.002	1.00	0.00
23	0.003	1.00	0.00
23	0.004	1.00	0.00
23	0.005	1.00	0.00
23	0.006	0.33	0.00
23	0.007	0.00	1.12
23	0.008	0.00	24.00
23	0.009	0.00	24.00
23	0.010	0.00	24.00
