00	0.002	1.00	0.00
00	0.003	1.00	0.00
00	0.004	0.00	0.24
00	0.005	0.00	0.37
00	0.006	0.00	0.62
00	0.007	0.00	24.00
00	0.008	0.00	24.00
00	0.009	0.00	24.00
00	0.010	0.00	24.00
01	0.002	1.00	0.00
01	0.003	1.00	0.00
01	0.004	0.99	2.62
01	0.005	0.26	0.00
01	0.006	0.00	0.02
01	0.007	0.00	24.00
01	0.008	0.00	24.00
01	0.009	0.00	24.00
01	0.010	0.00	24.00
02	0.002	1.00	0.00
02	0.003	1.00	0.00
02	0.004	0.00	2.62
02	0.005	0.00	10.05
02	0.006	0.00	10.06
02	0.007	0.00	24.00
02	0.008	0.00	24.00
02	0.009	0.00	24.00
02	0.010	0.00	24.00
03	0.002	1.00	0.00
03	0.003	1.00	0.00
03	0.004	0.00	1.62
03	0.005	0.00	9.05
03	0.006	0.00	9.06
03	0.007	0.00	24.00
03	0.008	0.00	24.00
03	0.009	0.00	24.00
03	0.010	0.00	24.00
04	0.002	1.00	0.00
04	0.003	1.00	0.00
04	0.004	0.00	0.62
04	0.005	0.00	8.05
04	0.006	0.00	8.06
04	0.007	0.00	24.00
04	0.008	0.00	24.00
04	0.009	0.00	24.00
04	0.010	0.00	24.00
05	0.002	1.00	0.00
05	0.003	1.00	0.00
05	0.004	0.00	4.66
05	0.005	0.00	7.05
05	0.006	0.00	7.06
05	0.007	0.00	24.00
05	0.008	0.00	24.00
05	0.009	0.00	24.00
05	0.010	0.00	24.00
06	0.002	1.00	0.00
06	0.003	1.00	0.00
06	0.004	0.00	3.66
06	0.005	0.00	6.05
06	0.006	0.00	6.06
06	0.007	0.00	24.00
06	0.008	0.00	24.00
06	0.009	0.00	24.00
06	0.010	0.00	24.00
07	0.002	1.00	0.00
07	0.003	1.00	0.00
07	0.004	0.00	2.66
07	0.005	0.00	5.05
07	0.006	0.00	5.06
07	0.007	0.00	24.00
07	0.008	0.00	24.00
07	0.009	0.00	24.00
07	0.010	0.00	24.00
08	0.002	1.00	0.00
08	0.003	1.00	0.00
08	0.004	0.00	1.66
08	0.005	0.00	4.05
08	0.006	0.00	4.06
08	0.007	0.00	24.00
08	0.008	0.00	24.00
08	0.009	0.00	24.00
08	0.010	0.00	24.00
09	0.002	1.00	0.00
09	0.003	1.00	0.00
09	0.004	0.00	0.66
09	0.005	0.00	3.05
09	0.006	0.00	3.06
09	0.007	0.00	24.00
09	0.008	0.00	24.00
09	0.009	0.00	24.00
09	0.010	0.00	24.00
10	0.002	1.00	0.00
10	0.003	1.00	0.00
10	0.004	1.00	0.00
10	0.005	0.00	2.05
10	0.006	0.00	2.06
10	0.007	0.00	24.00
10	0.008	0.00	24.00
10	0.009	0.00	24.00
10	0.010	0.00	24.00
11	0.002	1.00	0.00
11	0.003	1.00	0.00
11	0.004	1.00	0.00
11	0.005	0.00	1.05
11	0.006	0.00	1.06
11	0.007	0.00	24.00
11	0.008	0.00	24.00
11	0.009	0.00	24.00
11	0.010	0.00	24.00
12	0.002	1.00	0.00
12	0.003	1.00	0.00
12	0.004	1.00	0.00
12	0.005	0.00	0.05
12	0.006	0.00	0.06
12	0.007	0.00	24.00
12	0.008	0.00	24.00
12	0.009	0.00	24.00
12	0.010	0.00	24.00
13	0.002	1.00	0.00
13	0.003	1.00	0.00
13	0.004	1.00	0.00
13	0.005	1.00	0.00
13	0.006	0.00	0.04
13	0.007	0.00	24.00
13	0.008	0.00	24.00
13	0.009	0.00	24.00
13	0.010	0.00	24.00
14	0.002	1.00	0.00
14	0.003	1.00	0.00
14	0.004	1.00	0.00
14	0.005	1.00	0.00
14	0.006	0.00	3.09
14	0.007	0.00	24.00
14	0.008	0.00	24.00
14	0.009	0.00	24.00
14	0.010	0.00	24.00
15	0.002	1.00	0.00
15	0.003	1.00	0.00
15	0.004	1.00	0.00
15	0.005	1.00	0.00
15	0.006	0.00	2.09
15	0.007	0.00	24.00
15	0.008	0.00	24.00
15	0.009	0.00	24.00
15	0.010	0.00	24.00
16	0.002	1.00	0.00
16	0.003	1.00	0.00
16	0.004	1.00	0.00
16	0.005	1.00	0.00
16	0.006	0.00	1.09
16	0.007	0.00	24.00
16	0.008	0.00	24.00
16	0.009	0.00	24.00
16	0.010	0.00	24.00
17	0.002	1.00	0.00
17	0.003	1.00	0.00
17	0.004	1.00	0.00
17	0.005	1.00	0.00
17	0.006	0.00	0.09
17	0.007	0.00	24.00
17	0.008	0.00	24.00
17	0.009	0.00	24.00
17	0.010	0.00	24.00
18	0.002	1.00	0.00
18	0.003	1.00	0.00
18	0.004	1.00	0.00
18	0.005	1.00	0.00
18	0.006	0.21	0.00
18	0.007	0.00	24.00
18	0.008	0.00	24.00
18	0.009	0.00	24.00
18	0.010	0.00	24.00
19	0.002	1.00	0.00
19	0.003	1.00	0.00
19	0.004	1.00	0.00
19	0.005	1.00	0.00
19	0.006	0.04	0.00
19	0.007	0.00	24.00
19	0.008	0.00	24.00
19	0.009	0.00	24.00
19	0.010	0.00	24.00
20	0.002	1.00	0.00
20	0.003	1.00	0.00
20	0.004	1.00	0.00
20	0.005	0.21	4.19
20	0.006	0.00	4.82
20	0.007	0.00	24.00
20	0.008	0.00	24.00
20	0.009	0.00	24.00
20	0.010	0.00	24.00
21	0.002	1.00	0.00
21	0.003	1.00	0.00
21	0.004	1.00	0.00
21	0.005	0.00	3.40
21	0.006	0.00	3.82
21	0.007	0.00	24.00
21	0.008	0.00	24.00
21	0.009	0.00	24.00
21	0.010	0.00	24.00
22	0.002	1.00	0.00
22	0.003	1.00	0.00
22	0.004	1.00	0.00
22	0.005	0.00	2.40
22	0.006	0.00	2.82
22	0.007	0.00	24.00
22	0.008	0.00	24.00
22	0.009	0.00	24.00
22	0.010	0.00	24.00
23	0.002	1.00	0.00
23	0.003	1.00	0.00
23	0.004	0.81	0.36
23	0.005	0.00	1.40
23	0.006	0.00	1.82
23	0.007	0.00	24.00
23	0.008	0.00	24.00
23	0.009	0.00	24.00
23	0.010	0.00	24.00
